884,425,342,268,314,378,234,209,323,299,232,288,183,340,280,133,219,195,273,185,230,219,216,243,207
425,515,217,181,203,236,145,121,217,201,143,176,107,221,196,92,135,124,192,128,171,145,146,207,142
342,217,420,190,224,205,181,152,179,177,159,168,146,173,159,109,174,158,140,133,142,142,113,127,124
268,181,190,336,159,158,189,180,159,141,210,110,134,151,134,125,134,116,115,185,118,115,89,91,116
314,203,224,159,394,210,125,110,184,167,124,186,104,177,165,77,150,140,154,104,139,144,123,124,134
378,236,205,158,210,438,119,107,207,193,127,198,94,207,181,74,142,123,171,105,158,161,161,169,143
234,145,181,189,125,119,290,181,119,113,155,93,144,111,90,126,116,115,88,139,94,88,70,69,75
209,121,152,180,110,107,181,257,108,93,148,69,128,107,82,118,100,107,82,139,79,81,49,63,76
323,217,179,159,184,207,119,108,378,189,136,161,103,191,163,73,128,104,155,110,142,135,131,133,139
299,201,177,141,167,193,113,93,189,365,118,149,80,167,180,63,117,107,142,96,150,140,122,123,144
232,143,159,210,124,127,155,148,136,118,278,91,115,132,100,109,104,102,90,157,87,83,71,79,77
288,176,168,110,186,198,93,69,161,149,91,337,76,156,151,50,127,97,123,66,123,120,121,117,104
183,107,146,134,104,94,144,128,103,80,115,76,209,93,74,89,92,82,77,98,66,67,51,57,64
340,221,173,151,177,207,111,107,191,167,132,156,93,394,155,74,119,109,175,107,135,124,117,160,132
280,196,159,134,165,181,90,82,163,180,100,151,74,155,350,58,113,88,138,93,145,137,124,121,129
133,92,109,125,77,74,126,118,73,63,109,50,89,74,58,168,76,71,61,99,55,45,36,48,47
219,135,174,134,150,142,116,100,128,117,104,127,92,119,113,76,260,117,97,86,99,103,81,79,95
195,124,158,116,140,123,115,107,104,107,102,97,82,109,88,71,117,228,81,86,82,78,65,70,73
273,192,140,115,154,171,88,82,155,142,90,123,77,175,138,61,97,81,314,97,108,98,101,121,108
185,128,133,185,104,105,139,139,110,96,157,66,98,107,93,99,86,86,97,226,82,68,61,65,72
230,171,142,118,139,158,94,79,142,150,87,123,66,135,145,55,99,82,108,82,280,118,112,106,116
219,145,142,115,144,161,88,81,135,140,83,120,67,124,137,45,103,78,98,68,118,270,87,102,129
216,146,113,89,123,161,70,49,131,122,71,121,51,117,124,36,81,65,101,61,112,87,266,99,80
243,207,127,91,124,169,69,63,133,123,79,117,57,160,121,48,79,70,121,65,106,102,99,296,92
207,142,124,116,134,143,75,76,139,144,77,104,64,132,129,47,95,73,108,72,116,129,80,92,240
